489910
 18940
774392
490636
125544
407391
115771
992663
923282
176914
217904
571222
519039
395667
489931
910419
929671
 14821
905169
106919
964371
162885
826865
260493
449574
469447
207499
528121
859340
963637
435682
 60517
596468
191271
961193
666691
479200
199510
841377
885157
954149
948991
521047
379673
178210
530797
483278
222894
390487
289232
889869
683080
929858
581279
967996
587013
844633
439729
693496
196530
287801
849371
271408
806585
794706
694254
 20881
949520
 99558
688909
534210
173223
362990
767582
398744
850112
554972
472860
345568
369395
265676
858765
420352
366813
401492
303229
659399
354070
 64184
411002
797934
224435
408281
880462
737808
631483
425078
806381
858280
164714
